0.102
0.1925
0.2105
0.2035
0.2005
0.2085
0.2005
0.209
0.211
0.203
0.204
0.204
0.2045
0.2085
0.208
0.08
0.1805
0.209
0.208
0.2035
0.2075
0.204
0.2055
0.2
0.207
0.201
0.208
0.203
0.207
0.2015
0.092
0.193
0.205
0.2035
0.203
0.2
0.203
0.2015
0.208
0.2035
0.2045
0.204
0.207
0.2025
0.2105
0.1045
0.194
0.201
0.199
0.2065
0.2055
0.2085
0.205
0.211
0.204
0.208
0.2015
0.2075
0.2025
0.204
0.0255
0.462
0.7405
0.9215
0.909
0.9095
0.921
0.909
0.9055
0.9115
0.911
0.907
0.9045
0.9055
0.92
0.9075
0.0255
0.1935
0.593
0.562
0.553
0.5375
0.538
0.4515
0.59
0.6135
0.602
0.6015
0.5965
0.596
0.5895
0.0945
0.3855
0.74
0.7115
0.7035
0.655
0.644
0.637
0.7315
0.7475
0.7465
0.7345
0.7485
0.7395
0.727
0.2525
0.566
0.8415
0.829
0.815
0.798
0.772
0.774
0.84
0.856
0.855
0.8505
0.8495
0.8535
0.8435
0.3635
0.664
0.891
0.887
0.8695
0.8765
0.8435
0.8545
0.8965
0.886
0.903
0.901
0.8935
0.8905
0.9045
0.4485
0.7105
0.9065
0.903
0.8935
0.904
0.8915
0.8795
0.8995
0.9195
0.914
0.902
0.922
0.9085
0.9075
0.6335
0.30917
1
0.14
0.049046
0.0095575
0.0039853
0.78933
0.92857
0.948
0.952
0.952
0.934
0.936
0.932
0.937
0.93267
0.897
0.8608
0.83067
0.81886
0.77325
0.7086
0.77325
0.74044
0
0.932
0.905
0.91
0.87
0.6288
0.516
0.52257
0.404
0.29578
0.1228
0.93
0.90733
0.878
0.26775
0.45956
0.3816
0.425
0.924
0.931
0.90733
0.834
0.7652
0.71467
0.65857
0.26775
0.26775
0.926
0.7912
0.63433
0.50914
0.40075
0.29578
0.2076
0.63
0.898
0.926
0.926
0.926
0.926
0.926
0.926
0.926
0.926
0.926
0.926
0.926
0.926
0.926
0.926
0.926
0.926
0.926
0.926
0.926
0.926
0.926
0.926
0.926
0.926
0.926
0.926
0.926
0.926
0.926
0.926
0.926
0.926
0.926
0.926
0.93
